01111011 01100001 01110011 01100011 01101001 01101001 00101111 01110101 01110100 01100110 00101101 00111000 01111101 00100000 01010100 01100101 01101101 01110000 01101111 01110010 01100001 01110010 01111001 00100000 01000100 01100001 01110100 01100001 00100000 01001000 01100001 01100011 01101011 00101110 00100000 01001100 01101111 01100001 01100100 00100000 01100010 01101001 01101110 00100000 01100110 01101001 01101100 01100101 00100000 01110100 01101111 00100000 01100001 01100011 01100011 01100101 01110011 01110011 00100000 01010010 01100001 01101110 01100100 01101111 01101101 00100000 01000001 01100011 01100011 01100101 01110011 01110011 00100000 01001101 01100101 01100100 01101001 01110101 01101101 00101110 00100000 01000100 01100101 01101100 01100101 01110100 01100101 00100000 01010010 01000001 01001101 00101110 00100000 01001001 01101110 01110011 01110100 01100001 01101100 01101100 00100000 01010001 01100101 01101101 01110101 00100000 01010000 01100001 01100011 01101011 01100001 01100111 01100101 00101110 01001000 01100001 01100011 01101011 01010100 01100101 01101101 01110000 00100000


01111011 01000001 01010011 01000011 01001001 01001001 01111101 00100000 01000100 01100101 01110110 01100101 01101100 01101111 01110000 01100101 01110010 00100000 01001000 01100001 01100011 01101011 00101110 00100000 01001100 01101111 01100001 01100100 00100000 01100010 01101001 01101110 00100000 01100110 01101001 01101100 01100101 00100000 01110100 01101111 00100000 01100001 01100011 01100011 01100101 01110011 01110011 00100000 01010010 01100001 01101110 01100100 01101111 01101101 00100000 01000001 01100011 01100011 01100101 01110011 01110011 00100000 01001101 01100101 01100100 01101001 01110101 01101101 00101110 00100000 01000001 01110000 01110000 01101100 01111001 00100000 01010000 01101011 01100111 00101110 01000100 01100101 01110110 01001101 01101111 01100100 01100101

01111011 01110111 01101001 01101110 01100100 01101111 01110111 01110011 00101101 00110001 00110010 00110101 00110010 01111101 00100000 01010000 01100101 01110010 01101101 01100001 01101110 01100101 01101110 01110100 00100000 01000100 01100001 01110100 01100001 00100000 01001000 01100001 01100011 01101011 00101110 00100000 01001100 01101111 01100001 01100100 00100000 01100010 

01101001 01101110 00100000 01100110 01101001 01101100 01100101 00100000 01110100 01101111 00100000 01100001 01100011 01100011 01100101 01110011 01110011 00100000 01010010 01100001 01101110 01100100 01101111 01101101 00100000 01000001 01100011 01100011 01100101 01110011 01110011 00100000 01001101 01100101 01100100 01101001 01110101 01101101 00101110 00100000 01000100 01100101 01101100 01100101 

01110100 01100101 00100000 01010010 01000001 01001101 00101110 00100000 01001001 01101110 01110011 01110100 01100001 01101100 01101100 00100000 01010001 01100101 01101101 01110101 00100000 01010000 01100001 01100011 01101011 01100001 01100111 01100101 00101110 01001000 01100001 01100011 01101011 01010000 01100101 01110010 01101101 01100001 01101110 01100101 01101110 01110100 00100000
